"E-Field:0","E-Field:1","E-Field:2","vtkValidPointMask","arc_length","Points:0","Points:1","Points:2"
0.14073437,158.88965,16.674273,1,0,0,-0.011,0.00105
0.40288675,114.35075,18.366838,1,0.00021999981,0,-0.01078,0.00105
0.67766899,92.496887,18.683903,1,0.00043999963,0,-0.01056,0.00105
0.91276783,80.508736,18.353836,1,0.00066000037,0,-0.01034,0.00105
1.1016415,72.746521,17.188284,1,0.00088000018,0,-0.01012,0.00105
1.2690345,67.243797,15.858843,1,0.0011,0,-0.0098999999,0.00105
1.3971301,63.086979,14.531634,1,0.0013199998,0,-0.0096800001,0.00105
1.5307788,59.776909,13.196174,1,0.0015399996,0,-0.0094600003,0.00105
1.6338758,56.929863,11.855612,1,0.0017600004,0,-0.0092399996,0.00105
1.7171533,54.652332,10.73204,1,0.0019800002,0,-0.0090199998,0.00105
1.7956738,52.541611,9.7012987,1,0.0022,0,-0.0088,0.00105
1.8619313,50.735249,8.729496,1,0.0024199998,0,-0.0085800001,0.00105
1.9156203,49.136864,7.9101253,1,0.0026399996,0,-0.0083600003,0.00105
1.9578749,47.713181,7.0976291,1,0.0028600004,0,-0.0081399996,0.00105
1.9909085,46.323208,6.4163823,1,0.0030800002,0,-0.0079199998,0.00105
2.0210915,45.154037,5.8929152,1,0.0033,0,-0.0077,0.00105
2.0353856,44.105362,5.3211675,1,0.0035199998,0,-0.0074800001,0.00105
2.0437748,43.016075,4.9066753,1,0.0037400001,0,-0.0072599999,0.00105
2.0400648,42.187263,4.3218718,1,0.0039599999,0,-0.0070400001,0.00105
2.033107,41.32439,3.9848053,1,0.0041800002,0,-0.0068199998,0.00105
2.0192368,40.580441,3.6827404,1,0.0044,0,-0.0066,0.00105
2.0001194,39.916695,3.3372509,1,0.0046199998,0,-0.0063800002,0.00105
1.9738764,39.254436,3.0856917,1,0.0048400001,0,-0.0061599999,0.00105
1.9443159,38.623344,2.8287833,1,0.0050599999,0,-0.0059400001,0.00105
1.9024887,38.129837,2.542093,1,0.0052800002,0,-0.0057199998,0.00105
1.8596686,37.64114,2.3403454,1,0.0055,0,-0.0055,0.00105
1.8172834,37.143612,2.1930621,1,0.0057199998,0,-0.0052800002,0.00105
1.767107,36.713089,2.0076246,1,0.0059400001,0,-0.0050599999,0.00105
1.7133641,36.317535,1.835072,1,0.0061599999,0,-0.0048400001,0.00105
1.6592791,35.921253,1.7079298,1,0.0063800002,0,-0.0046199998,0.00105
1.590958,35.628216,1.5610428,1,0.0066,0,-0.0044,0.00105
1.5226368,35.335178,1.4141557,1,0.0068199998,0,-0.0041800002,0.00105
1.4598755,34.993557,1.3024641,1,0.0070400001,0,-0.0039599999,0.00105
1.3883868,34.743393,1.2122066,1,0.0072599999,0,-0.0037400001,0.00105
1.3154231,34.508751,1.135317,1,0.0074800001,0,-0.00352,0.00105
1.2434838,34.278202,1.0457119,1,0.0077,0,-0.0033,0.00105
1.172781,34.054836,0.93498933,1,0.0079199998,0,-0.0030799999,0.00105
1.0956964,33.874802,0.83685386,1,0.0081399996,0,-0.0028599999,0.00105
1.0173877,33.688305,0.7662816,1,0.0083600003,0,-0.0026400001,0.00105
0.93919617,33.503994,0.69501966,1,0.0085800001,0,-0.00242,0.00105
0.86113346,33.322083,0.62299943,1,0.0088,0,-0.0022,0.00105
0.78028357,33.181656,0.54861528,1,0.0090199998,0,-0.0019799999,0.00105
0.69430923,33.117504,0.46988484,1,0.0092399996,0,-0.00176,0.00105
0.60833484,33.053352,0.39115438,1,0.0094600003,0,-0.00154,0.00105
0.5223605,32.989201,0.31242394,1,0.0096800001,0,-0.00132,0.00105
0.43599868,32.901367,0.24069059,1,0.0098999999,0,-0.0011,0.00105
0.34950364,32.819183,0.19619116,1,0.01012,0,-0.00088000001,0.00105
0.26090997,32.751492,0.18759012,1,0.01034,0,-0.00066000002,0.00105
0.17077108,32.746319,0.13195837,1,0.01056,0,-0.00044,0.00105
0.08369115,32.755589,0.083729081,1,0.01078,0,-0.00022,0.00105
-0.0033887792,32.764858,0.035499789,1,0.011,0,0,0.00105
-0.090102419,32.769688,-0.022863893,1,0.01122,0,0.00022,0.00105
-0.17624055,32.767544,-0.097150385,1,0.01144,0,0.00044,0.00105
-0.26237869,32.765396,-0.17143689,1,0.01166,0,0.00066000002,0.00105
-0.34822357,32.827412,-0.24878466,1,0.01188,0,0.00088000001,0.00105
-0.43404838,32.893814,-0.32634196,1,0.0121,0,0.0011,0.00105
-0.52014375,32.96032,-0.40027213,1,0.01232,0,0.00132,0.00105
-0.60745049,33.027271,-0.45795852,1,0.01254,0,0.00154,0.00105
-0.6931352,33.104698,-0.50045002,1,0.01276,0,0.00176,0.00105
-0.77453464,33.217827,-0.50395596,1,0.01298,0,0.0019799999,0.00105
-0.853508,33.383331,-0.55325514,1,0.0132,0,0.0022,0.00105
-0.93420845,33.547264,-0.62535822,1,0.01342,0,0.00242,0.00105
-1.0170199,33.708839,-0.72240561,1,0.01364,0,0.0026400001,0.00105
-1.1004034,33.850327,-0.82709759,1,0.01386,0,0.0028599999,0.00105
-1.1778681,34.038315,-0.9187904,1,0.01408,0,0.0030799999,0.00105
-1.2506777,34.26762,-0.99831516,1,0.0143,0,0.0033,0.00105
-1.3237611,34.495304,-1.0897126,1,0.01452,0,0.00352,0.00105
-1.3975977,34.718536,-1.2137628,1,0.01474,0,0.0037400001,0.00105
-1.4643934,34.999298,-1.3395294,1,0.01496,0,0.0039599999,0.00105
-1.5270987,35.320766,-1.4938518,1,0.01518,0,0.0041800002,0.00105
-1.5907748,35.628578,-1.6128219,1,0.0154,0,0.0044,0.00105
-1.6546338,35.933815,-1.7251377,1,0.01562,0,0.0046199998,0.00105
-1.7119422,36.30685,-1.8468695,1,0.01584,0,0.0048400001,0.00105
-1.7625613,36.746143,-1.9865211,1,0.01606,0,0.0050599999,0.00105
-1.8132935,37.169014,-2.1749275,1,0.016279999,0,0.0052800002,0.00105
-1.8649107,37.583202,-2.3762658,1,0.0165,0,0.0055,0.00105
-1.9000033,38.142136,-2.6211483,1,0.016720001,0,0.0057199998,0.00105
-1.9328306,38.720917,-2.8720014,1,0.01694,0,0.0059400001,0.00105
-1.9656893,39.29948,-3.1224465,1,0.01716,0,0.0061599999,0.00105
-1.9906597,39.954811,-3.4084828,1,0.017379999,0,0.0063800002,0.00105
-2.014591,40.618359,-3.7081141,1,0.0176,0,0.0066,0.00105
-2.0351527,41.323475,-4.0100207,1,0.017820001,0,0.0068199998,0.00105
-2.0369823,42.259686,-4.3245769,1,0.01804,0,0.0070400001,0.00105
-2.0432053,43.075092,-4.8281217,1,0.01826,0,0.0072599999,0.00105
-2.0352314,44.057392,-5.4176421,1,0.018479999,0,0.0074800001,0.00105
-2.0155461,45.154808,-5.8964095,1,0.0187,0,0.0077,0.00105
-1.9931152,46.370937,-6.3957524,1,0.018920001,0,0.0079199998,0.00105
-1.9565238,47.745205,-7.0841246,1,0.01914,0,0.0081399996,0.00105
-1.9173543,49.104431,-7.9352837,1,0.01936,0,0.0083600003,0.00105
-1.8626549,50.734821,-8.744483,1,0.019579999,0,0.0085800001,0.00105
-1.8008028,52.552277,-9.7054434,1,0.0198,0,0.0088,0.00105
-1.7210964,54.643188,-10.698692,1,0.020020001,0,0.0090199998,0.00105
-1.6318816,56.995075,-11.999379,1,0.02024,0,0.0092399996,0.00105
-1.5316778,59.64307,-13.137296,1,0.02046,0,0.0094600003,0.00105
-1.4065132,63.098133,-14.524405,1,0.020679999,0,0.0096800001,0.00105
-1.2699872,67.254784,-15.814402,1,0.0209,0,0.0098999999,0.00105
-1.1066769,72.876213,-17.099306,1,0.021120001,0,0.01012,0.00105
-0.9176513,80.634048,-18.274147,1,0.02134,0,0.01034,0.00105
-0.66290742,92.881996,-18.927231,1,0.02156,0,0.01056,0.00105
-0.41722745,113.71872,-18.019377,1,0.021779999,0,0.01078,0.00105
0.21567614,159.73274,-16.577461,1,0.022,0,0.011,0.00105
